-690.1804278416232
-862.2562123713353
436.4347141315337
501.86683921727854
-583.3718772726546
-365.0212605762291
-113.9573390418191
-1863.327078482021
1502.8335666144292
301.649685914679
-433.79657499949894
-299.48534441148666
373.2221879218829
-656.3461312013709
-687.4031440934099
711.3218868198121
-261.0969975953025
28.488334144336534
-351.1322043146788
2206.7258808504007
1155.3407246227503
-265.91461775685957
-419.06799855333924
-213.5972321373162
-609.9833395750755
78.86413238089779
528.0612933923137
196.7266282400833
-519.0124584278209
-282.7060112885781
-745.6042461056823
1222.9465912364542
1228.5594016084701
380.8503192750645
54.25810375234306
-113.28382148298857
-783.2499526540353
2380.6851746564857
939.5429977817753
-656.6505905286886
-31.452548925637615
-343.82743021863195
-668.7137058080381
-1270.2757598204576
1148.589373735503
-477.81625794405943
51.785656834542664
-44.246998013868165
-329.433921263148
-1210.414460020239
-76.81932941026385
61.36576763721209
-78.68738467050022
-297.74449772794475
111.89321388035972
143.55156821764075
-429.7270950453704
-495.07640576761025
-219.78909807593868
15.40742391771289
-644.9285227530802
1861.3291423595847
652.7051947562497
130.16784721356115
-93.84139749142298
42.58071237960017
-359.67443784915145
2411.277301321092
249.2742082651812
-151.63257353613406
-292.53902709918935
56.32667016405256
405.16131273122966
1888.6628213947902
-888.584954280041
-453.7292494966158
9.189452751786689
-272.14384034162475
-793.0018806743649
-2064.7477848197123
613.2268373442195
-5.0989849449637745
-305.5843130324246
-88.66794940295696
-557.765175748581
-1332.4377609489113
38.542526969232995
-906.557570179922
-52.70468508501878
-85.71857697720603
-203.5276658992333
-1713.607515301998
171.1024017032551
-56.90480227842549
140.08710772506598
-256.31186929756524
-333.54094149878557
-936.8455878370944
-486.9749018793291
-370.84312584566203
-333.9992002637344
-312.18310107784947
-198.40646580992362
1733.3837030169861
1294.5619076536163
475.545600267449
-18.293191051429858
-24.590330950998187
-662.4655729453223
2400.332112468918
-295.379322046179
-540.1658051024087
-589.9175737434095
-51.19807883798073
181.63170380302586
-383.0760986149061
-1118.0652048405234
179.22454896021387
-325.2267479439918
58.52669950077362
-536.8003895864158
964.128756507525
266.242046251142
387.19294884358544
-613.936214656529
-257.55869734075407
-63.31651159489127
1011.9225150647717
-993.7077297877602
297.96379939323873
-539.9239430764492
-271.5864917652828
-691.51564308604
2167.131550351329
775.664559163646
445.9740475812094
-84.57169041994638
-24.530850245818016
241.04837741873484
-499.6455011108895
-981.1888578204629
388.3099399641312
52.20932532917908
21.268663238235547
-299.54273736332107
2174.4489204168685
-714.8552600849839
-272.26376848290704
-194.67279338704887
139.89236356969656
-74.26420595611108
-755.2800688685431
517.5470052234352
-624.9517311755811
113.60302132927234
6.760201592196601
-806.184384961166
-2610.7557847176013
-61.19064990134993
176.3647163990654
125.1076136032517
46.07470523863363
-567.0593313757324
-934.8221208228
-212.96703844036648
115.86703397095457
-415.17111317904977
-296.4353417469304
428.12979474501145
469.08878203988644
-971.6949585224496
9.560183977834456
-93.23480296630603
50.02721359735166
246.06335849047815
1716.2341259780937
-1270.9297975438813
311.9687443168292
-496.6248907467149
-127.15230616759567
-424.9699266108407
-2054.8473044180155
-108.71554120290017
-672.2711562741634
-290.4805357074903
-121.36892809326145
-552.9848080727886
-651.4752306749054
1329.867074743405
-604.034701350697
32.021637408066596
-232.20082670995234
-826.6746081281844
883.6614893295751
454.29843708009
-247.680705028244
-118.2915715366875
-230.7048830125163
-553.4589895745152
-864.7593005973902
-485.33479043161185
519.3626510744068
-478.1471204392651
20.72231059250251
-56.639945601863275
-943.792289392731
-380.7183476261808
-74.16156855915719
-455.90270402342935
-233.37587991682165
-142.27154819270194
-1748.539111042345
-233.3311480138383
-254.2454038412751
-345.6062056088947
-63.32372603729965
-552.7787686458344
-852.1423725828004
652.2955807567434
-1031.0772805993283
118.2082607252145
-108.70436899424021
427.32054605498433
-692.9776154633164
754.153621388168
70.2958441557343
5.88723423076766
-134.77116584003252
-608.1087877776316
332.20278202199404
-478.479443753714
334.9009167513651
-56.452295802277604
-141.85625475632537
-408.64256455423646
-1046.552237423226
196.55529267731248
-265.8396570284765
193.35572863660553
-157.06218078814172
38.461897269199824
-232.3446365435144
-1253.5823370033445
-840.7394281366439
-87.94973024098284
-95.63981269177384
142.67660460794912
-2582.8164486842434
456.5913697260978
-662.4793038696755
-85.79866777033712
-87.60422485293454
-703.8643157264702
-1065.344109696202
-1311.3516346344957
-611.2901522529138
-116.953049567091
-258.1544330505083
-345.441143127985
1661.7739957060012
665.7402329816098
-353.3929292068235
77.06650150795727
-92.14904886673315
318.3063464118867
154.73480049530147
-434.87919617745007
-10.383716165500061
-378.6747615479591
-269.55891386617975
