-690.1804278416232
-862.2562123713353
436.4347141315337
501.86683921727854
-583.3718772726546
-365.0212605762291
310
-113.9573390418191
-1863.327078482021
1502.8335666144292
301.649685914679
-433.79657499949894
-299.48534441148666
1040
373.2221879218829
-656.3461312013709
-687.4031440934099
711.3218868198121
-261.0969975953025
28.488334144336534
248
-351.1322043146788
2206.7258808504007
1155.3407246227503
-265.91461775685957
-419.06799855333924
-213.5972321373162
588
-609.9833395750755
78.86413238089779
528.0612933923137
196.7266282400833
-519.0124584278209
-282.7060112885781
669
-745.6042461056823
1222.9465912364542
1228.5594016084701
380.8503192750645
54.25810375234306
-113.28382148298857
166
-783.2499526540353
2380.6851746564857
939.5429977817753
-656.6505905286886
-31.452548925637615
-343.82743021863195
94
-668.7137058080381
-1270.2757598204576
1148.589373735503
-477.81625794405943
51.785656834542664
-44.246998013868165
187
-329.433921263148
-1210.414460020239
-76.81932941026385
61.36576763721209
-78.68738467050022
-297.74449772794475
225
111.89321388035972
143.55156821764075
-429.7270950453704
-495.07640576761025
-219.78909807593868
15.40742391771289
280
-644.9285227530802
1861.3291423595847
652.7051947562497
130.16784721356115
-93.84139749142298
42.58071237960017
308
-15.0
12.0
-8.1
-8.1
-10.7
-8.0
2978
-15.0
12.0
-8.1
-8.1
-10.7
-8.0
2978
-15.0
12.0
-8.1
-8.1
-10.7
-8.0
2978
